image: map0.pgm
resolution: 0.062500
origin: [-62.73409347865377,-46.84271290636619, 0.000000]
negate: 0
occupied_thresh: 0.45
free_thresh: 0.196