image: map0.pgm
resolution: 0.062500
origin: [-78.01446422441043,-44.11584754497368, 0.000000]
negate: 0
occupied_thresh: 0.45
free_thresh: 0.196